[DASH_CAM]
POS=-0.261719,1.18862,-0.878758
EXP=38

